N,t
100000,0.002082
200000,0.003836
300000,0.005974
400000,0.007805
500000,0.009717
600000,0.011635
700000,0.013598
800000,0.015632
900000,0.017566
1000000,0.019551
1100000,0.021483
1200000,0.023487
1300000,0.025561
1400000,0.027602
1500000,0.029446
1600000,0.031342
1700000,0.033362
1800000,0.035232
1900000,0.037344
2000000,0.039087
2100000,0.041927
2200000,0.04347
2300000,0.045597
2400000,0.047754
2500000,0.049511
2600000,0.051915
2700000,0.053307
2800000,0.054324
2900000,0.056528
3000000,0.059479
3100000,0.0607
3200000,0.063347
3300000,0.065504
3400000,0.067315
3500000,0.068027
3600000,0.070469
3700000,0.073136
3800000,0.075333
3900000,0.076394
4000000,0.079538
4100000,0.080433
4200000,0.082269
4300000,0.085071
4400000,0.086885
4500000,0.08752
4600000,0.091308
4700000,0.094434
4800000,0.097552
4900000,0.097907
5000000,0.100579
5100000,0.102838
5200000,0.103639
5300000,0.105377
5400000,0.105865
5500000,0.106903
5600000,0.107737
5700000,0.10954
5800000,0.112272
5900000,0.117746
6000000,0.117721
6100000,0.119183
6200000,0.121731
6300000,0.124431
6400000,0.123947
6500000,0.125138
6600000,0.131223
6700000,0.125714
6800000,0.132027
6900000,0.134958
7000000,0.132968
7100000,0.135887
7200000,0.135672
7300000,0.139207
7400000,0.143644
7500000,0.142695
7600000,0.145538
7700000,0.14488
7800000,0.157887
7900000,0.148669
8000000,0.150964
8100000,0.152063
8200000,0.162461
8300000,0.157487
8400000,0.159724
8500000,0.162713
8600000,0.163488
8700000,0.164797
8800000,0.167163
8900000,0.171751
9000000,0.173679
9100000,0.17326
9200000,0.174622
9300000,0.177486
9400000,0.179868
9500000,0.180317
9600000,0.182603
9700000,0.184411
9800000,0.188678
9900000,0.186683
10000000,0.190831
10100000,0.201141
10200000,0.195608
10300000,0.193751
10400000,0.202004
10500000,0.199868
10600000,0.199735
10700000,0.205149
10800000,0.206636
10900000,0.206017
11000000,0.213956
11100000,0.214476
11200000,0.220979
11300000,0.224442
11400000,0.234539
11500000,0.229777
11600000,0.230853
11700000,0.228154
11800000,0.234301
11900000,0.241508
12000000,0.235344
12100000,0.237727
12200000,0.235985
12300000,0.234741
12400000,0.240436
12500000,0.245894
12600000,0.246222
12700000,0.244797
12800000,0.253401
12900000,0.247718
13000000,0.249316
13100000,0.259392
13200000,0.25572
13300000,0.256292
13400000,0.261331
13500000,0.258107
13600000,0.260079
13700000,0.26867
13800000,0.263671
13900000,0.265986
14000000,0.268725
14100000,0.269443
14200000,0.291927
14300000,0.280881
14400000,0.284492
14500000,0.275185
14600000,0.280402
14700000,0.284026
14800000,0.282839
14900000,0.287569
15000000,0.286494
15100000,0.294299
15200000,0.297385
15300000,0.297425
15400000,0.307308
15500000,0.298257
15600000,0.309393
15700000,0.31008
15800000,0.318936
15900000,0.312125
16000000,0.318308
16100000,0.317654
16200000,0.321136
16300000,0.321779
16400000,0.322152
16500000,0.320912
16600000,0.338767
16700000,0.340422
16800000,0.341854
16900000,0.336925
17000000,0.337294
17100000,0.392499
17200000,0.339703
17300000,0.342187
17400000,0.391782
17500000,0.352523
17600000,0.350959
17700000,0.365528
17800000,0.384815
17900000,0.35665
18000000,0.354755
18100000,0.354341
18200000,0.356989
18300000,0.363122
18400000,0.369167
18500000,0.36538
18600000,0.367257
18700000,0.374634
18800000,0.375416
18900000,0.406988
19000000,0.380483
19100000,0.378627
19200000,0.375291
19300000,0.390759
19400000,0.379673
19500000,0.380952
19600000,0.389052
19700000,0.386577
19800000,0.387847
19900000,0.38986
20000000,0.401358
20100000,0.38508
20200000,0.38635
20300000,0.387527
20400000,0.386997
20500000,0.403484
20600000,0.393841
20700000,0.397255
20800000,0.397983
20900000,0.399474
21000000,0.402649
21100000,0.414909
21200000,0.414322
21300000,0.425262
21400000,0.431467
21500000,0.43081
21600000,0.42506
21700000,0.426003
21800000,0.431056
21900000,0.428642
22000000,0.428446
22100000,0.430952
22200000,0.434624
22300000,0.434094
22400000,0.441393
22500000,0.474306
22600000,0.458212
22700000,0.451876
22800000,0.450683
22900000,0.457566
23000000,0.451305
23100000,0.458347
23200000,0.46471
23300000,0.459196
23400000,0.448955
23500000,0.448795
23600000,0.449588
23700000,0.449934
23800000,0.451697
23900000,0.453147
24000000,0.458718
24100000,0.461723
24200000,0.459657
24300000,0.471163
24400000,0.466785
24500000,0.468825
24600000,0.470848
24700000,0.466148
24800000,0.474419
24900000,0.472245
25000000,0.477663
25100000,0.477014
25200000,0.480818
25300000,0.480359
25400000,0.484033
25500000,0.484663
25600000,0.483457
25700000,0.484845
25800000,0.492208
25900000,0.496609
26000000,0.493616
26100000,0.493336
26200000,0.503352
26300000,0.499571
26400000,0.506681
26500000,0.506855
26600000,0.506742
26700000,0.507814
26800000,0.512859
26900000,0.513833
27000000,0.523429
27100000,0.527367
27200000,0.526721
27300000,0.522159
27400000,0.52078
27500000,0.525917
27600000,0.524412
27700000,0.531397
27800000,0.532323
27900000,0.531503
28000000,0.536455
28100000,0.538552
28200000,0.561688
28300000,0.569036
28400000,0.564402
28500000,0.558585
28600000,0.5653
28700000,0.563334
28800000,0.561025
28900000,0.567588
29000000,0.590762
29100000,0.58642
29200000,0.568531
29300000,0.586203
29400000,0.644316
29500000,0.582333
29600000,0.579092
29700000,0.588623
29800000,0.616138
29900000,0.599319
30000000,0.597597
30100000,0.608436
30200000,0.601623
30300000,0.58928
30400000,0.622958
30500000,0.612539
30600000,0.613804
30700000,0.643976
30800000,0.617102
30900000,0.606696
31000000,0.621701
31100000,0.615293
31200000,0.62151
31300000,0.610925
31400000,0.620014
31500000,0.626499
31600000,0.619853
31700000,0.628957
31800000,0.633391
31900000,0.634824
32000000,0.636526
32100000,0.639537
32200000,0.629571
32300000,0.633428
32400000,0.641197
32500000,0.634571
32600000,0.633044
32700000,0.641463
32800000,0.634115
32900000,0.642763
33000000,0.653266
33100000,0.655979
33200000,0.655892
33300000,0.655733
33400000,0.661652
33500000,0.663031
33600000,0.672616
33700000,0.653679
33800000,0.6498
33900000,0.648534
34000000,0.667416
34100000,0.665988
34200000,0.681054
34300000,0.712026
34400000,0.708119
34500000,0.658845
34600000,0.715497
34700000,0.681083
34800000,0.685735
34900000,0.674265
35000000,0.684977
35100000,0.697945
35200000,0.73522
35300000,0.715582
35400000,0.68123
35500000,0.706473
35600000,0.711349
35700000,0.715022
35800000,0.687777
35900000,0.699998
36000000,0.75477
36100000,0.721932
36200000,0.72349
36300000,0.730759
36400000,0.731526
36500000,0.727296
36600000,0.706165
36700000,0.705266
36800000,0.733699
36900000,0.73783
37000000,0.772911
37100000,0.755988
37200000,0.808123
37300000,0.84362
37400000,0.753088
37500000,0.740194
37600000,0.7474
37700000,0.743338
37800000,0.754935
37900000,0.73687
38000000,0.760551
38100000,0.737619
38200000,0.771417
38300000,0.751932
38400000,0.775863
38500000,0.797232
38600000,0.780958
38700000,0.75396
38800000,0.769238
38900000,0.767072
39000000,0.749543
39100000,0.7496
39200000,0.748605
39300000,0.793931
39400000,0.77714
39500000,0.781279
39600000,0.808741
39700000,0.842409
39800000,0.800753
39900000,0.790177
40000000,0.777853
40100000,0.794136
40200000,0.79347
40300000,0.778036
40400000,0.781556
40500000,0.797891
40600000,0.810192
40700000,0.825585
40800000,0.801451
40900000,0.844386
41000000,0.817403
41100000,0.854776
41200000,0.85074
41300000,0.817662
41400000,0.81106
41500000,0.824475
41600000,0.814541
41700000,0.831067
41800000,0.888911
41900000,0.850592
42000000,0.822178
42100000,0.860573
42200000,0.837015
42300000,0.824785
42400000,0.826511
42500000,0.837875
42600000,0.848011
42700000,0.850845
42800000,0.852227
42900000,0.847638
43000000,0.858969
43100000,0.858456
43200000,0.869042
43300000,0.863846
43400000,0.868154
43500000,0.879634
43600000,0.8868
43700000,0.908052
43800000,0.869673
43900000,0.878683
44000000,0.885823
44100000,0.905957
44200000,0.868939
44300000,0.924284
44400000,0.941184
44500000,0.898697
44600000,0.854631
44700000,0.915265
44800000,0.88576
44900000,0.889955
45000000,0.871495
45100000,0.890936
45200000,0.894359
45300000,0.90908
45400000,0.940358
45500000,0.904928
45600000,0.909361
45700000,0.884417
45800000,0.889749
45900000,0.891385
46000000,0.885807
46100000,0.883847
46200000,0.90913
46300000,0.899509
46400000,0.903594
46500000,0.916583
46600000,0.931942
46700000,0.929135
46800000,0.930767
46900000,0.933344
47000000,0.941749
47100000,0.925914
47200000,0.954876
47300000,0.9231
47400000,0.939228
47500000,0.967665
47600000,0.946668
47700000,0.94574
47800000,0.956248
47900000,1.01352
48000000,0.988628
48100000,0.942377
48200000,0.983177
48300000,0.960565
48400000,0.97789
48500000,0.965812
48600000,0.992995
48700000,1.06374
48800000,0.949062
48900000,0.933332
49000000,0.991255
49100000,0.966971
49200000,0.982923
49300000,0.960639
49400000,0.990333
49500000,0.95992
49600000,0.958768
49700000,0.992436
49800000,0.977777
49900000,0.959765
50000000,0.959113
50100000,0.95773
50200000,0.975593
50300000,0.962213
50400000,0.971088
50500000,0.959153
50600000,0.964867
50700000,0.997233
50800000,1.03553
50900000,1.01236
51000000,0.968227
51100000,0.978322
51200000,0.986132
51300000,0.977287
51400000,0.999047
51500000,1.104
51600000,1.02734
51700000,1.01334
51800000,0.992014
51900000,0.993857
52000000,0.994049
52100000,1.01546
52200000,1.02277
52300000,0.996221
52400000,1.0362
52500000,1.00574
52600000,1.00058
52700000,1.01248
52800000,1.02638
52900000,1.00484
53000000,1.01841
53100000,1.02774
53200000,1.0197
53300000,1.08135
53400000,1.26137
53500000,1.05196
53600000,1.0349
53700000,1.07774
53800000,1.08056
53900000,1.07037
54000000,1.02412
54100000,1.03527
54200000,1.02434
54300000,1.0407
54400000,1.03324
54500000,1.04436
54600000,1.04045
54700000,1.0376
54800000,1.04361
54900000,1.04367
55000000,1.06361
55100000,1.0627
55200000,1.05966
55300000,1.05571
55400000,1.08079
55500000,1.06971
55600000,1.05921
55700000,1.06417
55800000,1.05209
55900000,1.06523
56000000,1.05988
56100000,1.07909
56200000,1.06741
56300000,1.09772
56400000,1.13524
56500000,1.14623
56600000,1.12222
56700000,1.11906
56800000,1.06726
56900000,1.07126
57000000,1.10715
57100000,1.18878
57200000,1.12673
57300000,1.08843
57400000,1.09387
57500000,1.0985
57600000,1.09047
57700000,1.10258
57800000,1.09685
57900000,1.10373
58000000,1.10086
58100000,1.11253
58200000,1.10233
58300000,1.11197
58400000,1.11848
58500000,1.11339
58600000,1.10744
58700000,1.11421
58800000,1.11627
58900000,1.12343
59000000,1.16908
59100000,1.18121
59200000,1.18267
59300000,1.17476
59400000,1.22575
59500000,1.13848
59600000,1.13379
59700000,1.14368
59800000,1.14108
59900000,1.23047
60000000,1.1994
60100000,1.25251
60200000,1.16925
60300000,1.19976
60400000,1.2007
60500000,1.17698
60600000,1.1686
60700000,1.19398
60800000,1.18961
60900000,1.19586
61000000,1.20382
61100000,1.19107
61200000,1.18217
61300000,1.1982
61400000,1.20365
61500000,1.16483
61600000,1.21224
61700000,1.16816
61800000,1.21941
61900000,1.20333
62000000,1.16383
62100000,1.21483
62200000,1.21905
62300000,1.25491
62400000,1.21514
62500000,1.17803
62600000,1.20712
62700000,1.18748
62800000,1.18697
62900000,1.35204
63000000,1.35416
63100000,1.30393
63200000,1.25725
63300000,1.24463
63400000,1.20426
63500000,1.22968
63600000,1.23918
63700000,1.27789
63800000,1.2696
63900000,1.24408
64000000,1.25429
64100000,1.27095
64200000,1.27112
64300000,1.25339
64400000,1.25354
64500000,1.24755
64600000,1.31574
64700000,1.24647
64800000,1.27361
64900000,1.27822
65000000,1.3139
65100000,1.25659
65200000,1.29786
65300000,1.30868
65400000,1.35016
65500000,1.36337
65600000,1.28923
65700000,1.28022
65800000,1.26117
65900000,1.35689
66000000,1.28623
66100000,1.32372
66200000,1.3138
66300000,1.35255
66400000,1.29742
66500000,1.29675
66600000,1.28931
66700000,1.28995
66800000,1.30177
66900000,1.34539
67000000,1.34112
67100000,1.33368
67200000,1.3528
67300000,1.40388
67400000,1.45758
67500000,1.36657
67600000,1.33977
67700000,1.34696
67800000,1.31921
67900000,1.31242
68000000,1.33605
68100000,1.3866
68200000,1.3656
68300000,1.32813
68400000,1.32054
68500000,1.31904
68600000,1.32101
68700000,1.32484
68800000,1.37251
68900000,1.3334
69000000,1.33105
69100000,1.332
69200000,1.32556
69300000,1.32607
69400000,1.32868
69500000,1.32568
69600000,1.45058
69700000,1.39014
69800000,1.37122
69900000,1.35229
70000000,1.43759
70100000,1.40388
70200000,1.51432
70300000,1.36327
70400000,1.46654
70500000,1.38966
70600000,1.41844
70700000,1.57484
70800000,1.43738
70900000,1.38919
71000000,1.42067
71100000,1.42866
71200000,1.3519
71300000,1.36288
71400000,1.36732
71500000,1.35772
71600000,1.38258
71700000,1.36231
71800000,1.36554
71900000,1.4778
72000000,1.47171
72100000,1.49337
72200000,1.44931
72300000,1.45467
72400000,1.41654
72500000,1.46729
72600000,1.43592
72700000,1.3807
72800000,1.42779
72900000,1.39495
73000000,1.459
73100000,1.43639
73200000,1.43125
73300000,1.40084
73400000,1.39
73500000,1.40283
73600000,1.39183
73700000,1.47623
73800000,1.49356
73900000,1.43273
74000000,1.42082
74100000,1.42452
74200000,1.4855
74300000,1.45207
74400000,1.42423
74500000,1.40695
74600000,1.4098
74700000,1.50719
74800000,1.41411
74900000,1.41652
75000000,1.43104
75100000,1.42426
75200000,1.44139
75300000,1.4289
75400000,1.42802
75500000,1.42632
75600000,1.42485
75700000,1.46148
75800000,1.43282
75900000,1.51407
76000000,1.54061
76100000,1.56115
76200000,1.52158
76300000,1.53254
76400000,1.53425
76500000,1.5984
76600000,1.51678
76700000,1.49587
76800000,1.48553
76900000,1.52479
77000000,1.56475
77100000,1.55991
77200000,1.53549
77300000,1.54219
77400000,1.53791
77500000,1.56769
77600000,1.57363
77700000,1.56312
77800000,1.52957
77900000,1.54094
78000000,1.59533
78100000,1.57554
78200000,1.57543
78300000,1.54872
78400000,1.49838
78500000,1.51158
78600000,1.55901
78700000,1.55206
78800000,1.55987
78900000,1.50199
79000000,1.53191
79100000,1.51103
79200000,1.52914
79300000,1.50362
79400000,1.58857
79500000,1.57545
79600000,1.54384
79700000,1.57035
79800000,1.58366
79900000,1.51665
80000000,1.52609
80100000,1.57383
80200000,1.55213
80300000,1.58042
80400000,1.55629
80500000,1.56882
80600000,1.58831
80700000,1.54401
80800000,1.55477
80900000,1.58029
81000000,1.53894
81100000,1.57156
81200000,1.57279
81300000,1.71999
81400000,1.57093
81500000,1.71229
81600000,1.63164
81700000,1.68618
81800000,1.67302
81900000,1.60546
82000000,1.62249
82100000,1.60697
82200000,1.61923
82300000,1.62451
82400000,1.62401
82500000,1.58146
82600000,1.56399
82700000,1.58666
82800000,1.66711
82900000,1.69578
83000000,1.6033
83100000,1.69276
83200000,1.68137
83300000,1.64666
83400000,1.59368
83500000,1.6173
83600000,1.60636
83700000,1.67828
83800000,1.65454
83900000,1.64712
84000000,1.63805
84100000,1.79833
84200000,1.68183
84300000,1.75933
84400000,1.71693
84500000,1.71717
84600000,1.68951
84700000,1.82303
84800000,1.74684
84900000,1.61939
85000000,1.61264
85100000,1.61315
85200000,1.61668
85300000,1.63127
85400000,1.62197
85500000,1.62095
85600000,1.63433
85700000,1.63772
85800000,1.63025
85900000,1.63189
86000000,1.64847
86100000,1.63631
86200000,1.6319
86300000,1.65085
86400000,1.63919
86500000,1.65407
86600000,1.64686
86700000,1.64538
86800000,1.65237
86900000,1.65137
87000000,1.66812
87100000,1.66182
87200000,1.67483
87300000,1.66078
87400000,1.66504
87500000,1.66721
87600000,1.66339
87700000,1.68837
87800000,1.82602
87900000,1.76737
88000000,1.74978
88100000,1.79758
88200000,1.73899
88300000,1.67191
88400000,1.6927
88500000,1.68572
88600000,1.68096
88700000,1.69335
88800000,1.69763
88900000,1.72247
89000000,1.71501
89100000,1.79541
89200000,1.70598
89300000,1.69349
89400000,1.79827
89500000,1.80318
89600000,1.79932
89700000,1.83872
89800000,1.71923
89900000,1.72426
90000000,1.70548
90100000,1.7168
90200000,1.78268
90300000,1.98032
90400000,1.87068
90500000,1.82472
90600000,1.7622
90700000,1.71922
90800000,1.76817
90900000,1.75062
91000000,1.73695
91100000,1.7314
91200000,1.72403
91300000,1.72829
91400000,1.76381
91500000,1.8974
91600000,1.87641
91700000,1.74659
91800000,1.74948
91900000,1.78519
92000000,1.78432
92100000,1.83042
92200000,1.82633
92300000,1.81439
92400000,1.8085
92500000,1.7762
92600000,1.7781
92700000,1.76558
92800000,1.76696
92900000,1.90104
93000000,1.77618
93100000,1.81243
93200000,1.76796
93300000,1.77385
93400000,1.78816
93500000,1.78568
93600000,1.82145
93700000,1.90548
93800000,1.82778
93900000,1.85164
94000000,1.8942
94100000,1.88816
94200000,1.79963
94300000,1.7874
94400000,1.90049
94500000,1.92512
94600000,1.86312
94700000,1.91077
94800000,1.94745
94900000,1.82622
95000000,1.99213
95100000,1.86304
95200000,1.82358
95300000,1.82482
95400000,1.92077
95500000,1.89503
95600000,1.84062
95700000,2.00791
95800000,1.87729
95900000,1.88213
96000000,1.86362
96100000,1.82307
96200000,1.826
96300000,1.91023
96400000,1.82856
96500000,1.90565
96600000,1.84297
96700000,1.94867
96800000,2.00247
96900000,1.95046
97000000,2.03556
97100000,1.88594
97200000,1.84642
97300000,1.93252
97400000,1.95752
97500000,1.95268
97600000,1.92478
97700000,2.05492
97800000,1.96531
97900000,1.90288
98000000,1.86522
98100000,1.93263
98200000,1.92374
98300000,1.8985
98400000,1.87334
98500000,1.94762
98600000,1.93763
98700000,1.88513
98800000,1.89275
98900000,1.95142
99000000,2.00342
99100000,2.0907
99200000,1.95601
99300000,1.99921
99400000,1.92021
99500000,1.9585
99600000,1.97892
99700000,2.00259
99800000,1.91137
99900000,1.88894
100000000,1.9267
